# Elapsed time   CPU (%)     Real (MB)   Virtual (MB)
       0.001        0.000        1.855     4296.293
       0.104       99.700        5.391     4296.293
       0.205      100.000        9.059     4296.293
       0.308       99.800       12.898     4296.293
       0.409       99.700       16.605     4296.293
       0.515       99.500       20.359     4296.293
       0.619       99.200       24.094     4296.293
       0.723       99.200       27.801     4296.293
       0.826       99.300       31.504     4296.293
       0.930       99.400       35.238     4296.293
       1.036       99.800       39.152     4296.293
       1.136       99.900       42.992     4296.293
       1.241       99.700       46.793     4296.293
       1.342       99.600       50.254     4296.293
       1.443       99.900       53.988     4296.293
       1.544       99.800       57.277     4296.293
       1.650       99.900       61.086     4296.293
       1.769       99.800       65.480     4296.293
       1.874       99.900       69.395     4296.293
       1.976       99.800       73.258     4296.293
       2.077      100.000       77.113     4296.293
       2.182       99.900       81.137     4296.293
       2.285      100.000       84.992     4296.293
       2.386       99.800       88.750     4296.293
       2.489       99.900       92.605     4296.293
       2.592       99.900       96.457     4296.293
       2.694      100.000      100.293     4296.293
       2.795       99.900      104.074     4296.293
       2.898       99.900      107.930     4296.293
       3.001       99.600      111.797     4296.293
       3.106       99.900      115.758     4296.293
       3.209      100.000      119.637     4296.293
       3.310       99.900      123.430     4296.293
       3.411       99.800      127.172     4296.293
       3.516       78.700      128.934     4296.293
       3.621        0.000      128.934     4296.293
       3.725        0.000      128.934     4296.293
       3.827        0.000      128.934     4296.293
       3.933        0.000      128.934     4296.293
       4.034        0.000      128.934     4296.293
       4.140        0.000      128.934     4296.293
       4.243        0.000      128.934     4296.293
       4.344        0.000      128.934     4296.293
       4.445        0.000      128.934     4296.293
       4.551        0.000      128.934     4296.293
       4.656        0.000      128.934     4296.293
       4.759        0.000      128.934     4296.293
       4.865        0.000      128.934     4296.293
       4.970        0.000      128.934     4296.293
       5.075        0.000      128.934     4296.293
       5.179        0.000      128.934     4296.293
       5.284        0.000      128.934     4296.293
       5.390        0.000      128.934     4296.293
       5.495        0.100      128.953     4305.293
       5.600       95.700      128.973     4314.293
       5.705      102.000      128.977     4314.293
       5.809      101.900      128.977     4314.293
       5.909       96.700      128.977     4314.293
       6.015      101.100      128.977     4314.293
       6.120       96.900      128.977     4314.293
       6.221      103.500      128.980     4314.293
       6.326      101.200      128.980     4314.293
       6.431       94.900      128.980     4314.293
       6.536      105.000      128.980     4314.293
       6.642       99.900      128.980     4314.293
       6.742       93.700      128.980     4314.293
       6.843      106.100      128.980     4314.293
       6.944       99.100      128.980     4314.293
       7.046      101.000      128.980     4314.293
       7.151       91.600      128.980     4314.293
       7.256      108.200      128.980     4314.293
       7.361       98.600      128.980     4314.293
       7.466       96.300      128.980     4314.293
       7.571      105.000      128.980     4314.293
       7.676       99.400      128.980     4314.293
       7.776      100.500      128.980     4314.293
       7.877       98.600      128.980     4314.293
       7.983       94.900      128.980     4314.293
       8.088      101.400      128.980     4314.293
       8.189      105.100      128.980     4314.293
       8.292       90.700      128.980     4314.293
       8.393      109.500      128.980     4314.293
       8.495       99.900      128.980     4314.293
       8.600       90.600      128.980     4314.293
       8.705      109.200      128.980     4314.293
       8.809       93.900      128.980     4314.293
       8.909      102.900      128.980     4314.293
       9.014       95.100      128.980     4314.293
       9.120      101.400      128.980     4314.293
       9.225      106.500      128.980     4314.293
       9.326       95.800      128.980     4314.293
       9.426      104.000      128.980     4314.293
       9.528      100.000      128.980     4314.293
       9.634       92.800      128.980     4314.293
       9.739      106.900      128.980     4314.293
       9.843       99.900      128.980     4314.293
       9.943       99.200      128.980     4314.293
      10.044       99.900      128.980     4314.293
      10.150       95.500      128.980     4314.293
      10.255       95.100      128.980     4314.293
      10.356      106.600      128.980     4314.293
      10.459      100.100      128.980     4314.293
      10.559       99.700      128.980     4314.293
      10.663      103.200      128.980     4314.293
      10.764       99.700      128.980     4314.293
      10.869       93.000      128.980     4314.293
      10.974       97.900      128.980     4314.293
      11.075      109.200      128.980     4314.293
      11.176       98.000      128.980     4314.293
      11.276      100.600      128.980     4314.293
      11.381       96.200      128.980     4314.293
      11.486      104.300      128.980     4314.293
      11.592       97.100      128.980     4314.293
      11.694      102.600      129.000     4323.293
      11.799       99.800      129.000     4323.293
      11.904      100.000      129.000     4323.293
      12.009      100.200      129.000     4323.293
      12.112       99.900      129.000     4323.293
      12.218       95.500      129.000     4323.293
      12.321       99.000      129.000     4323.293
      12.425       99.000      129.000     4323.293
      12.530      106.000      129.000     4323.293
      12.633       99.600      129.000     4323.293
      12.739       96.800      129.000     4323.293
      12.841      101.800      129.000     4323.293
      12.942      101.600      129.000     4323.293
      13.047      100.000      129.000     4323.293
      13.151       95.200      129.000     4323.293
      13.256      104.600      129.000     4323.293
      13.361      100.000      129.000     4323.293
      13.464       91.100      129.000     4323.293
      13.570      105.000      129.000     4323.293
      13.675       94.900      129.000     4323.293
      13.780      107.900      129.000     4323.293
      13.886       95.300      129.000     4323.293
      13.990      105.500      129.000     4323.293
      14.095       97.600      129.000     4323.293
      14.196      102.000      129.000     4323.293
      14.302       98.400      129.000     4323.293
      14.407       95.000      129.000     4323.293
      14.512      104.500      129.000     4323.293
      14.618       95.000      129.000     4323.293
      14.721      101.500      129.000     4323.293
      14.826      101.400      129.000     4323.293
      14.932       99.000      129.000     4323.293
      15.035      105.300      129.000     4323.293
      15.136       96.000      129.000     4323.293
      15.240       99.800      129.000     4323.293
      15.342       97.500      129.000     4323.293
      15.443       99.400      129.000     4323.293
      15.544      107.100      129.000     4323.293
      15.650       95.000      129.000     4323.293
      15.755      103.000      129.020     4332.293
      15.855      102.100      129.020     4332.293
      15.959       96.600      129.020     4332.293
      16.059      101.500      129.020     4332.293
      16.163       96.700      129.020     4332.293
      16.264      101.600      129.020     4332.293
      16.369       98.300      129.020     4332.293
      16.474       96.600      129.020     4332.293
      16.576      108.700      129.020     4332.293
